4294967294,0
4294967279,19
4294967279,18
4294967278,375
4294967278,341
4294967278,374
4294967279,16
4294967278,382
4294967278,359
4294967279,15
4294967279,13
4294967278,381
86,2
4294967278,205
4294967278,339
4294967279,520
37,6
4294967279,10
4294967278,338
89,2
4294967278,337
89,6
4294967279,519
86,5
77,6
46,4
4294967278,335
4294967278,200
4294967279,517
4294967278,334
4294967278,333
4294967279,514
4294967278,197
4294967278,331
4294967278,329
4294967294,52
4294967294,82
44,4
44,5
81,4
81,5
77,4
77,5
86,4
86,6
89,5
35,5
4294967294,1097
4294967294,92
4294967294,88
4294967279,331
4294967278,330
4294967278,358
4294967279,549
4294967278,373
4294967279,548
4294967278,372
4294967278,380
4294967278,391
4294967279,319
4294967278,328
4294967279,538
4294967279,0
4294967278,306
4294967278,357
4294967278,271
4294967278,392
4294967278,346
4294967278,0
4294967294,469
4294967294,528
4294967294,106
4294967294,166
4294967294,24
4294967294,184
4294967294,189
4294967294,191
4294967294,188
4294967294,12
37,1
4294967294,5
4294967294,18
4294967294,127
4294967294,14
4294967294,126
4294967294,20
4294967294,13
4294967278,371
4294967278,327
4294967279,317
4294967278,326
4294967278,325
4294967278,324
4294967279,315
4294967294,61
42,4
35,4
4294967294,17
4294967294,39
4294967294,42
4294967294,423
4294967294,1018
4294967294,26
4294967294,470
4294967294,436
89,4
4294967294,7
4294967294,6
4294967294,22
4294967294,1100
4294967294,11
4294967294,81
4294967278,132
4294967278,131
4294967278,130
4294967278,129
4294967278,128
4294967278,127
4294967278,126
4294967278,125
4294967278,124
4294967278,123
4294967278,122
4294967278,121
4294967278,120
4294967278,119
4294967278,118
4294967278,117
4294967278,116
4294967278,115
4294967278,114
4294967278,113
4294967278,112
4294967278,111
4294967278,110
4294967278,109
4294967278,108
4294967278,107
4294967278,106
4294967278,105
4294967278,104
4294967278,103
4294967278,102
4294967278,101
4294967278,100
4294967278,99
4294967278,98
4294967278,97
4294967278,96
4294967278,95
4294967278,94
4294967278,93
4294967278,92
4294967278,91
4294967278,90
4294967278,89
4294967278,87
4294967278,86
4294967278,85
4294967278,84
4294967278,83
4294967278,82
4294967278,81
4294967278,80
4294967278,79
4294967278,78
4294967278,77
4294967278,76
4294967278,75
4294967278,74
4294967278,73
4294967278,72
4294967278,71
4294967278,70
4294967278,69
4294967278,68
4294967278,67
4294967278,66
4294967278,65
4294967278,64
4294967279,87
4294967279,86
4294967279,84
4294967279,82
4294967279,80
4294967279,76
4294967279,75
4294967279,73
4294967279,71
4294967279,69
4294967279,66
4294967279,64
4294967279,61
4294967279,59
4294967279,57
4294967279,55
4294967279,53
4294967279,49
4294967279,48
4294967279,46
4294967279,45
4294967279,37
4294967279,36
4294967279,34
4294967279,31
4294967279,30
4294967279,27
4294967279,24
4294967279,21
4294967279,17
4294967279,14
4294967279,12
4294967279,11
4294967279,9
4294967279,8
4294967279,7
4294967279,6
4294967279,5
4294967279,4
4294967294,30
0,5
4294967279,176
4294967294,416
4294967294,50
4294967294,471
4294967294,25
4294967294,1016
4294967294,27
4294967294,93
4294967294,95
4294967294,67
4294967294,1415
4294967294,83
4294967294,68
4294967279,269
93,6
93,5
93,4
93,3
93,2
93,1
4294967279,259
90,4
90,3
90,2
90,1
4294967279,323
4294967293,131
4294967293,130
4294967293,129
4294967293,128
4294967293,127
4294967293,126
4294967293,125
4294967293,124
4294967293,123
4294967293,122
4294967293,121
4294967293,120
4294967293,119
4294967293,118
4294967293,117
4294967293,116
4294967293,115
4294967293,114
4294967293,113
4294967293,112
4294967293,111
4294967293,110
4294967293,109
4294967293,108
4294967293,107
4294967293,106
4294967293,105
4294967293,104
4294967293,103
4294967293,102
4294967293,101
4294967293,100
4294967293,99
4294967293,98
4294967293,97
4294967293,96
4294967293,95
4294967293,94
4294967293,93
4294967293,92
4294967293,91
4294967293,90
4294967293,89
4294967293,88
4294967293,87
4294967293,86
4294967293,85
4294967293,84
4294967293,83
4294967293,82
4294967293,81
4294967293,80
4294967293,79
4294967293,78
4294967293,77
4294967293,76
4294967293,75
4294967293,74
4294967293,73
4294967293,72
4294967293,71
4294967293,70
4294967293,69
4294967293,68
4294967293,67
4294967293,66
4294967293,65
4294967293,64
4294967293,63
4294967293,62
